1,32460,0,1,0,0,0,0,1
2,32520,0,1,0,2,0,1,4
3,32580,2,1,1,0,0,0,4
4,32640,1,2,1,0,0,0,4
5,32700,0,3,1,0,0,0,4
6,32700,0,3,1,0,0,0,4
7,32760,2,0,0,2,0,0,4
8,32820,1,3,0,0,0,0,4
9,32820,0,0,1,0,0,0,1
10,32940,2,2,0,0,0,0,4
11,33000,0,0,1,0,0,2,3
12,33060,0,1,1,0,0,0,2
13,33120,2,2,0,0,0,0,4
14,33180,1,2,0,0,1,0,4
15,33300,2,2,0,0,0,0,4
16,33360,0,3,0,1,0,0,4
17,33420,1,1,1,0,1,0,4
18,33480,0,1,1,0,0,0,2
19,33540,2,2,0,0,0,0,4
20,33600,1,0,0,0,0,0,1
21,33840,2,3,0,0,0,0,5
22,34020,0,1,0,0,0,0,1
23,34140,3,0,1,0,0,0,4
24,34200,1,2,0,0,0,0,3
25,34260,0,2,0,0,0,0,2
26,34320,1,2,1,0,0,0,4
27,34320,0,4,1,0,0,0,5
28,34380,1,3,0,0,0,0,4
29,34440,2,1,1,0,0,0,4
30,34560,0,1,0,0,0,0,1
31,34620,0,1,0,0,0,1,2
32,34740,1,1,0,0,1,0,3
33,34860,0,1,0,0,0,0,1
34,34920,0,2,0,0,0,1,3
35,35040,0,1,1,0,0,0,2
36,35100,1,1,1,0,0,1,4
37,35220,2,2,0,0,0,0,4
38,35220,1,1,1,0,0,0,3
39,35220,1,2,0,0,0,1,4
40,35280,1,0,0,0,0,0,1
41,35340,0,1,0,0,0,0,1
42,35520,2,0,1,1,0,0,4
43,35640,3,0,2,0,0,0,5
44,35700,2,2,0,0,0,0,4
45,35760,1,1,1,0,0,1,4
46,35820,1,1,0,1,1,0,4
47,35880,1,1,0,2,0,0,4
48,35880,2,1,1,0,1,0,5
49,35880,1,1,0,0,0,1,3
50,36000,1,0,1,1,0,0,3
51,36180,0,1,0,0,0,0,1
52,36240,3,1,0,0,0,0,4
53,36360,1,3,0,0,0,0,4
54,36420,2,1,0,0,0,0,3
55,36480,2,2,0,0,0,0,4
56,36540,2,0,0,0,0,0,2
57,36600,2,0,2,0,0,0,4
58,36660,1,2,1,0,0,0,4
59,36780,2,0,1,0,0,1,4
60,36840,2,2,0,0,0,0,4
61,36900,1,2,0,1,0,0,4
62,37080,3,1,0,0,0,1,5
63,37140,2,1,0,1,0,0,4
64,37200,0,0,1,0,0,0,1
65,37320,3,0,0,1,0,0,4
66,37380,1,0,0,0,0,0,1
67,37440,1,2,1,0,0,0,4
68,37500,0,1,0,0,0,0,1
69,37500,1,0,0,0,0,0,1
70,37560,3,0,1,0,0,0,4
71,37620,1,2,0,1,0,0,4
72,37680,3,1,0,0,1,0,5
73,37800,2,0,1,0,1,0,4
74,37920,2,1,0,1,0,0,4
75,37980,1,0,0,0,1,0,2
76,38100,2,2,0,0,0,0,4
77,38160,0,2,0,0,0,0,2
78,38220,1,2,2,0,0,0,5
79,38280,2,1,1,0,0,0,4
80,38340,2,1,1,0,0,0,4
81,38520,0,1,0,1,0,0,2
82,38520,0,1,0,0,0,0,1
83,38700,1,0,2,1,0,0,4
84,38760,1,0,0,0,0,0,1
85,38880,2,0,0,0,0,0,2
86,39060,1,3,0,0,0,0,4
87,39120,1,2,0,0,0,0,3
88,39180,0,1,0,0,0,0,1
89,39360,1,0,0,0,0,0,1
90,39420,0,0,1,0,0,0,1
91,39480,1,2,0,0,0,1,4
92,39480,4,1,0,0,0,0,5
93,39540,2,1,1,0,0,0,4
94,39720,1,0,2,0,1,0,4
95,39840,0,2,1,0,0,0,3
96,39960,1,1,0,0,0,0,2
97,40020,0,2,0,0,0,0,2
98,40080,2,0,0,0,0,1,3
99,40140,2,1,0,1,0,0,4
100,40140,1,0,0,0,1,0,2
101,40200,2,1,0,0,0,0,3
102,40260,0,3,1,0,0,0,4
103,40320,1,0,2,0,1,0,4
104,40440,1,0,0,0,0,0,1
105,40500,1,2,1,0,0,0,4
106,40560,0,0,1,0,0,0,1
107,40620,1,2,0,0,0,1,4
108,40680,0,2,0,0,0,0,2
109,40800,0,1,0,0,0,0,1
110,40860,1,2,1,0,0,0,4
111,40920,1,2,0,0,1,0,4
112,41040,1,1,1,0,0,0,3
113,41100,1,0,0,0,1,0,2
114,41100,0,3,1,0,0,0,4
115,41160,2,0,1,0,0,0,3
116,41220,0,1,1,1,0,1,4
117,41280,1,0,0,0,0,0,1
118,41460,1,1,1,0,0,0,3
119,41520,1,1,2,0,0,0,4
120,41580,3,1,0,0,0,0,4
121,41640,2,2,0,0,0,0,4
122,41760,1,2,1,0,0,0,4
123,41820,0,4,0,0,0,0,4
124,41880,1,2,0,2,0,0,5
125,41940,1,1,0,0,0,0,2
126,42000,1,1,1,0,0,0,3
127,42000,1,0,0,0,0,0,1
128,42060,0,0,0,1,0,0,1
129,42180,1,2,0,0,0,0,3
130,42240,2,0,1,1,0,0,4
131,42420,1,1,0,0,0,0,2
132,42480,1,1,0,0,0,0,2
133,42600,1,2,0,0,0,1,4
134,42660,2,0,0,0,0,0,2
135,42720,1,1,0,0,0,0,2
136,42780,1,1,0,2,0,0,4
137,42900,2,1,1,0,0,0,4
138,42960,2,2,0,0,0,0,4
139,42960,0,1,0,1,0,0,2
140,43020,0,0,1,0,0,0,1
141,43140,3,1,0,0,0,0,4
142,43140,4,0,0,0,0,0,4
143,43140,1,3,0,0,0,0,4
144,43200,0,3,0,1,0,0,4
145,43260,1,2,0,1,0,0,4
146,43380,0,1,0,0,0,0,1
147,43440,2,0,1,1,0,0,4
148,43500,1,0,1,1,0,0,3
149,43560,2,1,0,0,1,0,4
150,43620,2,2,0,0,0,0,4
151,43680,2,0,0,0,0,0,2
152,43680,0,1,0,0,1,0,2
153,43800,1,1,1,0,0,1,4
154,43920,0,1,0,0,0,0,1
155,44040,2,0,0,0,0,0,2
156,44100,1,2,1,0,0,0,4
157,44160,1,2,0,0,0,1,4
158,44160,0,0,1,0,0,0,1
159,44220,3,0,1,0,0,0,4
160,44280,1,2,0,1,0,0,4
161,44400,1,2,1,0,0,0,4
162,44520,1,1,0,0,0,0,2
163,44640,1,2,0,1,0,0,4
164,44700,2,1,1,0,1,0,5
165,44760,0,1,1,0,0,0,2
166,44820,1,0,0,0,0,1,2
167,44940,3,0,0,0,0,0,3
168,45060,2,1,0,0,0,1,4
169,45060,0,2,0,1,0,0,3
170,45240,0,1,0,0,0,0,1
171,45300,1,2,0,1,0,0,4
172,45360,1,1,2,0,0,0,4
173,45360,2,1,1,0,0,0,4
174,45420,0,1,0,0,0,0,1
175,45480,2,1,1,0,0,0,4
176,45660,2,2,0,0,0,0,4
177,45720,1,1,0,0,0,0,2
178,45780,3,1,0,0,0,0,4
179,45900,1,0,1,1,1,0,4
180,46020,0,1,0,0,0,0,1
181,46020,0,2,0,0,0,0,2
182,46080,0,1,0,0,0,0,1
183,46200,4,0,0,0,1,0,5
184,46320,2,2,0,0,0,0,4
185,46380,2,1,0,1,0,0,4
186,46440,1,1,0,0,0,0,2
187,46500,0,0,0,0,0,1,1
188,46560,1,1,0,0,0,0,2
189,46620,1,1,2,0,0,0,4
190,46680,1,0,0,0,0,0,1
191,46740,0,1,0,0,0,0,1
192,46860,2,1,0,0,0,0,3
193,46980,1,2,0,0,0,0,3
194,47100,0,2,2,0,0,0,4
195,47160,1,0,0,0,0,0,1
196,47340,2,0,0,0,0,1,3
197,47400,1,0,0,0,0,0,1
198,47460,2,1,1,0,0,0,4
199,47520,1,2,0,0,0,1,4
200,47640,0,2,0,0,0,0,2
201,47700,1,0,0,0,0,0,1
202,47760,0,3,0,0,0,0,3
203,47760,1,2,0,0,0,0,3
204,47820,0,1,1,0,0,0,2
205,47880,1,1,0,0,1,0,3
206,47940,1,1,0,0,0,0,2
207,48060,1,1,0,0,0,1,3
208,48120,3,1,0,0,0,0,4
209,48120,0,0,0,0,0,1,1
210,48240,2,0,1,0,0,0,3
211,48300,0,1,0,0,0,0,1
212,48360,3,2,0,0,0,0,5
213,48420,0,0,1,0,0,0,1
214,48480,2,1,0,0,0,1,4
215,48600,3,1,0,0,0,0,4
216,48660,1,0,3,0,0,0,4
217,48720,0,0,1,0,0,1,2
218,49020,1,3,1,0,0,0,5
219,49080,3,1,0,0,0,0,4
220,49140,0,1,0,0,0,0,1
221,49200,1,1,1,1,0,0,4
222,49200,2,2,0,0,0,0,4
223,49260,1,1,0,0,0,0,2
224,49320,1,2,2,0,0,0,5
225,49380,0,1,0,0,0,0,1
226,49440,1,0,0,0,0,0,1
227,49560,0,0,1,0,0,0,1
228,49620,3,1,0,1,0,0,5
229,49680,1,0,0,0,0,0,1
230,49680,0,1,0,0,0,0,1
231,49800,1,0,0,0,0,0,1
232,49860,2,1,1,0,0,0,4
233,49920,1,2,1,1,0,0,5
234,50040,1,3,0,0,0,0,4
235,50160,0,1,0,0,0,0,1
236,50280,0,4,0,0,0,0,4
237,50340,1,2,2,0,0,0,5
238,50340,0,1,0,0,0,0,1
239,50400,0,2,1,0,0,1,4
240,50640,1,1,1,1,0,0,4
241,50820,3,1,0,0,0,0,4
242,50880,1,0,0,0,0,0,1
243,50940,1,0,0,0,0,0,1
244,51000,1,2,0,1,0,0,4
245,51120,2,1,0,1,0,0,4
246,51240,1,3,0,0,0,0,4
247,51300,1,0,0,0,0,0,1
248,51360,3,1,0,0,0,1,5
249,51420,2,1,0,1,0,0,4
250,51540,1,0,0,0,0,0,1
251,51600,3,1,0,0,0,0,4
252,51720,2,2,0,0,0,0,4
253,51780,2,0,1,1,0,0,4
254,51840,1,0,0,0,0,0,1
255,51960,1,1,0,0,0,0,2
256,52020,1,1,0,0,0,1,3
257,52080,1,1,0,0,0,2,4
258,52140,3,0,0,0,0,0,3
259,52200,0,3,0,0,0,0,3
260,52260,1,1,1,0,1,0,4
261,52440,1,2,0,1,0,0,4
262,52500,0,2,1,0,0,0,3
263,52560,2,1,1,0,0,0,4
264,52680,0,1,0,0,0,0,1
265,52680,3,0,1,0,0,0,4
266,52740,1,1,2,0,0,0,4
267,52800,0,2,0,0,0,0,2
268,52920,0,2,1,0,0,1,4
269,52980,0,1,0,0,0,0,1
270,53040,3,0,1,0,0,0,4
271,53100,1,0,0,0,0,0,1
272,53160,3,1,0,0,0,0,4
273,53220,1,2,1,0,0,0,4
274,53460,1,2,0,0,0,1,4
275,53520,1,0,0,0,0,0,1
276,53580,1,1,0,0,0,0,2
277,53700,1,3,0,0,0,0,4
278,53760,0,1,0,0,0,0,1
279,53820,2,1,0,0,0,0,3
280,53880,2,1,1,0,0,0,4
281,54060,1,0,0,0,0,0,1
282,54120,0,1,0,0,0,0,1
283,54120,0,1,1,0,0,0,2
284,54180,1,3,0,0,0,0,4
285,54240,0,0,1,0,0,0,1
286,54300,1,2,1,0,0,0,4
287,54360,1,0,2,1,0,0,4
288,54480,1,2,1,0,0,0,4
289,54600,1,0,0,0,0,0,1
290,54660,0,1,0,0,0,0,1
291,54720,1,1,1,0,0,0,3
292,54780,0,1,2,0,0,0,3
293,54840,1,0,0,1,0,0,2
294,54900,0,0,0,0,0,1,1
295,54960,0,2,1,1,0,0,4
296,55020,0,1,0,0,0,0,1
297,55140,2,1,0,0,0,1,4
298,55320,2,1,0,0,0,0,3
299,55380,1,4,0,0,0,0,5
300,55440,1,1,0,0,1,0,3
301,55440,0,1,0,0,0,0,1
302,55500,0,1,2,0,0,1,4
303,55560,3,1,0,0,0,0,4
304,55560,2,1,1,0,0,0,4
305,55620,2,1,0,0,0,0,3
306,55740,0,0,0,0,0,1,1
307,55740,0,1,2,0,1,0,4
308,55740,1,1,0,0,0,0,2
309,55860,2,1,1,0,0,0,4
310,55920,1,1,0,1,0,0,3
311,55980,2,2,0,0,0,0,4
312,56100,1,2,0,0,0,0,3
313,56160,2,1,1,0,0,0,4
314,56220,2,0,0,0,0,0,2
315,56280,1,1,2,0,0,0,4
316,56400,0,2,0,0,0,0,2
317,56460,2,2,0,0,0,0,4
318,56580,0,1,0,0,0,1,2
319,56700,2,2,1,0,0,0,5
320,56820,1,1,1,0,0,0,3
321,56940,0,1,1,0,0,0,2
322,57000,2,1,0,0,0,0,3
323,57060,0,1,0,0,0,0,1
324,57120,2,1,0,0,0,0,3
325,57180,2,1,0,0,1,0,4
326,57240,1,3,0,0,0,0,4
327,57300,3,1,0,0,0,0,4
328,57360,0,1,2,0,0,0,3
329,57480,2,0,1,1,0,0,4
330,57600,2,1,0,1,0,0,4
331,57720,1,1,1,1,1,0,5
332,57900,1,2,0,1,0,0,4
333,58080,0,1,0,0,0,1,2
334,58080,0,3,1,0,0,0,4
335,58140,0,4,0,0,0,0,4
336,58200,0,1,1,1,1,0,4
337,58260,1,3,0,0,0,0,4
338,58320,1,0,0,0,0,0,1
339,58380,4,0,0,0,0,0,4
340,58440,2,2,0,0,0,0,4
341,58560,4,0,0,0,0,0,4
342,58740,1,0,0,0,0,0,1
343,58920,1,1,2,0,0,0,4
344,58980,2,0,1,1,0,0,4
345,59280,2,1,0,0,0,0,3
346,59340,1,2,1,0,0,0,4
347,59340,3,2,0,0,0,0,5
348,59460,1,3,0,0,0,0,4
349,59580,3,0,1,0,0,1,5
350,59640,1,3,0,0,0,0,4
351,59700,1,2,0,0,0,1,4
352,59760,1,3,0,0,0,0,4
353,60000,2,1,0,0,0,1,4
354,60180,2,2,0,0,0,0,4
355,60180,2,1,1,0,0,0,4
356,60180,2,0,1,0,0,0,3
357,60240,0,1,0,0,0,0,1
358,60300,2,0,2,0,0,0,4
359,60360,1,0,2,0,0,1,4
360,60420,0,0,0,1,1,0,2
361,60480,3,1,0,0,0,0,4
362,60540,1,0,0,0,0,0,1
363,60600,0,1,0,0,0,0,1
364,60720,1,1,2,0,0,0,4
365,60720,0,1,1,0,0,0,2
366,60780,1,1,0,0,0,0,2
367,60840,0,3,0,0,0,0,3
368,60900,0,1,0,0,0,0,1
369,60960,0,2,2,0,0,0,4
370,61020,2,0,1,0,0,1,4
371,61080,1,1,0,1,0,0,3
372,61080,2,1,0,0,0,1,4
373,61140,0,1,0,0,0,0,1
374,61140,1,1,0,0,0,0,2