1,32520,0,0,2,0,0,0,2
2,32640,3,0,1,0,0,0,4
3,32700,1,3,0,0,0,0,4
4,32820,1,0,0,0,0,0,1
5,32880,3,1,0,0,0,0,4
6,32940,2,0,1,1,0,0,4
7,33000,0,0,1,0,1,0,2
8,33120,0,2,0,0,0,0,2
9,33120,1,1,0,0,0,0,2
10,33180,1,0,0,0,0,0,1
11,33240,1,0,0,0,0,0,1
12,33540,0,1,0,0,0,0,1
13,33600,0,1,0,0,0,0,1
14,33660,1,2,1,0,0,0,4
15,33720,0,1,0,0,0,0,1
16,33780,1,0,1,0,0,0,2
17,33840,3,0,1,0,0,0,4
18,33900,2,1,0,0,1,0,4
19,34020,0,1,0,0,0,0,1
20,34080,0,2,0,0,0,0,2
21,34080,0,1,0,0,0,0,1
22,34140,2,3,0,0,0,0,5
23,34260,2,2,0,0,0,1,5
24,34260,0,0,1,0,0,0,1
25,34320,1,1,1,1,0,0,4
26,34380,0,4,0,0,0,0,4
27,34620,2,1,1,0,0,0,4
28,34620,2,2,0,0,0,0,4
29,34800,0,2,1,0,0,0,3
30,34800,0,1,0,0,0,0,1
31,34860,1,3,0,0,0,0,4
32,34920,0,3,1,0,0,0,4
33,35040,1,0,0,1,0,0,2
34,35160,0,0,1,0,2,0,3
35,35220,0,2,0,0,0,0,2
36,35280,1,1,0,0,0,0,2
37,35340,1,3,0,0,0,0,4
38,35340,1,0,0,0,0,0,1
39,35400,1,2,1,0,0,0,4
40,35400,1,0,0,0,0,0,1
41,35400,0,0,0,1,0,0,1
42,35400,0,1,0,0,0,1,2
43,35520,1,1,2,0,0,0,4
44,35580,0,1,0,0,0,0,1
45,35640,1,0,0,0,0,0,1
46,35700,1,1,0,0,0,0,2
47,35760,0,1,1,0,0,0,2
48,35820,1,2,0,1,0,0,4
49,35880,2,2,0,0,0,0,4
50,35940,2,0,0,0,0,0,2
51,36000,0,3,1,0,0,0,4
52,36060,1,1,0,1,0,0,3
53,36120,1,0,0,0,0,0,1
54,36120,3,1,0,0,0,0,4
55,36300,2,2,0,0,0,0,4
56,36360,1,2,1,0,0,0,4
57,36420,0,1,2,0,0,0,3
58,36480,0,2,2,0,0,0,4
59,36780,2,0,1,0,0,0,3
60,36960,1,2,1,0,0,0,4
61,37140,2,2,0,0,0,0,4
62,37200,3,2,0,0,0,0,5
63,37320,1,0,0,0,0,0,1
64,37380,1,2,0,1,0,0,4
65,37560,0,3,1,0,0,0,4
66,37620,0,3,0,0,0,0,3
67,37680,0,2,0,0,0,1,3
68,37740,0,2,1,0,0,1,4
69,37800,1,4,0,0,0,0,5
70,37920,0,0,1,1,0,0,2
71,37920,1,2,1,0,0,0,4
72,37980,1,1,1,1,0,0,4
73,38220,1,2,1,0,0,0,4
74,38280,0,2,1,1,0,0,4
75,38340,0,3,0,1,0,0,4
76,38460,2,1,1,0,0,0,4
77,38520,2,0,0,0,0,0,2
78,38700,1,2,0,1,0,0,4
79,38760,2,0,2,0,0,0,4
80,38820,1,0,0,0,0,0,1
81,38880,3,0,1,0,0,0,4
82,38940,0,1,0,0,0,0,1
83,39000,3,1,0,0,0,0,4
84,39000,2,2,0,0,0,0,4
85,39120,0,3,0,0,0,0,3
86,39180,1,1,1,0,1,0,4
87,39240,2,2,1,0,0,0,5
88,39300,1,1,2,0,0,0,4
89,39420,0,0,1,0,0,0,1
90,39480,1,0,0,0,0,0,1
91,39540,1,2,0,0,0,1,4
92,39660,0,1,0,0,0,0,1
93,39780,1,0,0,0,0,0,1
94,39840,1,1,1,1,0,0,4
95,39900,3,1,0,0,0,0,4
96,39960,1,2,0,0,0,0,3
97,40080,0,2,0,0,0,0,2
98,40140,2,1,0,1,0,1,5
99,40140,4,0,0,0,0,0,4
100,40260,3,0,0,0,0,1,4
101,40320,1,1,0,0,0,0,2
102,40380,0,1,0,0,0,0,1
103,40440,2,1,1,0,0,0,4
104,40500,1,0,0,0,0,0,1
105,40680,1,1,0,0,0,0,2
106,40740,1,2,1,0,0,0,4
107,40800,1,2,0,0,0,0,3
108,40920,1,3,0,0,0,0,4
109,41040,0,1,1,0,0,0,2
110,41160,0,0,1,0,0,1,2
111,41220,0,3,0,0,1,0,4
112,41280,0,3,0,1,0,0,4
113,41340,1,1,0,0,0,0,2
114,41400,0,2,1,1,0,0,4
115,41520,0,3,0,0,0,0,3
116,41580,2,0,1,1,0,0,4
117,41640,1,0,1,1,0,0,3
118,41700,2,1,1,0,0,0,4
119,41760,2,1,1,0,0,0,4
120,41880,2,1,0,0,0,0,3
121,41940,2,2,0,0,0,0,4
122,42180,0,1,0,0,0,0,1
123,42240,2,2,0,0,0,0,4
124,42300,2,0,1,0,0,0,3
125,42360,1,2,2,0,0,0,5
126,42420,3,1,0,0,0,0,4
127,42480,0,0,0,0,0,1,1
128,42540,0,1,2,1,0,0,4
129,42600,2,2,0,0,0,0,4
130,42660,1,3,0,0,0,0,4
131,42780,1,1,2,0,0,0,4
132,42840,2,2,0,0,0,0,4
133,43020,0,1,0,0,0,0,1
134,43080,2,0,0,0,0,0,2
135,43140,0,2,0,0,0,0,2
136,43680,1,2,1,0,0,0,4
137,43740,1,0,0,0,0,0,1
138,43980,4,1,0,1,0,0,6
139,44040,2,0,0,0,0,0,2
140,44100,0,1,2,0,0,0,3
141,44220,2,1,0,0,0,0,3
142,44340,2,1,0,0,0,0,3
143,44520,1,0,1,1,0,0,3
144,44520,2,0,0,1,0,0,3
145,44640,4,0,0,0,0,0,4
146,44700,0,1,0,0,0,0,1
147,44760,4,1,0,0,0,0,5
148,45000,2,2,0,0,0,0,4
149,45060,1,2,1,0,0,0,4
150,45180,0,0,1,0,0,0,1
151,45240,0,0,1,0,0,0,1
152,45300,0,1,0,1,0,0,2
153,45300,0,4,0,0,0,0,4
154,45480,1,2,1,0,0,0,4
155,45480,1,3,0,0,0,0,4
156,45600,1,1,1,1,0,0,4
157,45660,1,3,0,0,0,0,4
158,45720,1,1,2,0,0,0,4
159,45960,1,2,0,0,0,0,3
160,45960,0,0,1,0,0,0,1
161,46080,0,3,1,0,0,0,4
162,46140,0,3,1,0,0,0,4
163,46200,0,1,1,0,0,2,4
164,46320,0,2,2,0,0,0,4
165,46320,1,1,0,0,0,0,2
166,46380,2,1,1,0,0,1,5
167,46440,1,1,0,0,0,0,2
168,46560,0,1,0,0,0,0,1
169,46560,3,1,0,0,0,0,4
170,46680,2,2,0,0,0,0,4
171,46800,2,0,2,0,0,0,4
172,46860,3,1,0,0,0,0,4
173,46920,1,2,0,1,0,0,4
174,46980,1,0,0,0,0,0,1
175,47100,0,1,0,0,0,0,1
176,47220,0,4,0,0,0,0,4
177,47400,0,1,1,0,0,0,2
178,47520,2,2,0,0,0,0,4
179,47580,0,1,1,0,0,0,2
180,47760,2,1,0,0,0,0,3
181,47760,0,3,1,0,0,0,4
182,47820,1,0,0,0,0,0,1
183,47880,1,0,2,0,0,0,3
184,48000,1,1,2,0,0,0,4
185,48060,0,1,0,0,0,0,1
186,48120,3,0,0,1,0,0,4
187,48180,2,0,2,0,0,0,4
188,48540,2,1,0,1,0,0,4
189,48600,1,2,0,1,0,0,4
190,48660,2,0,1,1,0,0,4
191,48720,2,1,1,0,0,0,4
192,48900,2,1,1,0,0,0,4
193,48960,1,0,1,0,0,0,2
194,48960,1,2,0,1,0,0,4
195,49020,1,1,0,0,0,0,2
196,49080,0,1,0,0,0,0,1
197,49140,4,0,0,0,0,0,4
198,49380,2,1,0,0,0,0,3
199,49440,1,0,0,0,0,0,1
200,49500,3,1,0,0,0,0,4
201,49560,1,1,1,0,0,0,3
202,49620,1,1,1,1,0,0,4
203,49680,1,2,0,0,0,0,3
204,49680,3,0,1,1,0,0,5
205,49800,0,3,1,0,0,0,4
206,49920,0,2,2,0,0,0,4
207,49980,1,2,0,1,0,0,4
208,49980,0,2,0,0,0,0,2
209,50040,2,1,1,0,0,0,4
210,50100,1,3,0,0,0,0,4
211,50220,0,1,0,0,0,0,1
212,50400,1,2,0,1,0,0,4
213,50460,1,0,1,2,0,0,4
214,50520,2,1,0,1,0,0,4
215,50760,1,3,0,0,0,0,4
216,50820,3,1,1,0,0,0,5
217,50820,1,0,0,0,0,0,1
218,50940,1,1,0,0,0,0,2
219,51000,0,1,1,0,0,0,2
220,51060,0,1,1,0,0,0,2
221,51060,0,0,0,0,1,0,1
222,51180,2,2,0,0,0,0,4
223,51300,0,1,1,0,0,0,2
224,51360,2,0,2,0,0,0,4
225,51420,2,1,0,0,0,0,3
226,51480,2,0,3,0,0,0,5
227,51660,0,1,0,0,0,0,1
228,51660,2,0,0,0,0,2,4
229,51900,1,0,0,1,0,0,2
230,51900,2,2,0,0,0,0,4
231,51900,0,0,1,0,0,0,1
232,51960,1,2,1,0,0,0,4
233,52020,1,1,1,0,0,0,3
234,52020,1,3,1,0,0,0,5
235,52020,1,2,1,0,0,0,4
236,52080,2,1,0,1,0,0,4
237,52200,0,2,0,0,1,1,4
238,52260,1,2,0,0,0,0,3
239,52320,2,0,0,0,0,0,2
240,52380,2,0,2,0,0,0,4
241,52440,2,0,0,1,0,1,4
242,52500,1,1,2,0,0,0,4
243,52560,2,1,2,0,0,0,5
244,52740,0,3,1,0,0,0,4
245,52860,0,0,1,0,0,0,1
246,52920,1,3,0,0,0,0,4
247,52980,1,0,0,0,0,0,1
248,53040,1,3,0,0,0,0,4
249,53100,1,1,0,0,0,0,2
250,53220,0,2,0,0,0,0,2
251,53280,2,3,1,0,0,0,6
252,53340,1,2,2,0,0,0,5
253,53400,0,3,1,0,0,0,4
254,53460,2,0,0,0,0,0,2
255,53640,0,2,1,0,0,1,4
256,53700,2,1,0,0,0,0,3
257,53700,3,0,1,0,0,0,4
258,53760,0,0,1,0,0,0,1
259,53940,2,2,0,0,0,0,4
260,54000,1,0,0,0,0,0,1
261,54120,0,2,1,0,0,0,3
262,54180,1,2,0,0,0,0,3
263,54180,2,1,2,0,0,0,5
264,54300,0,2,1,0,0,0,3
265,54360,0,2,0,0,0,0,2
266,54420,1,2,1,0,0,0,4
267,54540,1,3,1,0,0,0,5
268,54600,0,1,3,0,0,0,4
269,54720,1,0,1,0,0,0,2
270,54780,1,0,0,0,0,0,1
271,54840,1,1,0,0,0,0,2
272,54900,2,2,0,0,0,1,5
273,54900,0,1,0,0,0,0,1
274,55020,0,2,1,1,0,0,4
275,55080,0,1,0,0,0,0,1
276,55140,1,3,0,0,0,0,4
277,55200,1,0,0,0,0,0,1
278,55320,0,3,1,0,0,1,5
279,55440,1,2,1,0,0,0,4
280,55500,1,3,0,0,0,0,4
281,55560,1,2,1,0,0,0,4
282,55800,1,2,0,0,1,0,4
283,55800,0,1,0,0,0,0,1
284,55860,0,0,0,0,0,1,1
285,55920,1,1,0,0,0,0,2
286,55980,2,0,0,0,0,0,2
287,56040,2,1,1,0,0,0,4
288,56100,2,1,1,0,0,0,4
289,56160,1,1,1,1,0,0,4
290,56220,1,2,0,0,0,0,3
291,56280,1,2,0,0,1,0,4
292,56280,2,1,0,0,0,0,3
293,56340,1,2,0,0,0,0,3
294,56460,0,0,0,1,0,0,1
295,56580,0,1,0,1,0,0,2
296,56640,3,0,1,0,0,0,4
297,56700,0,1,1,0,0,0,2
298,56760,1,0,0,0,0,0,1
299,56820,1,0,0,0,0,0,1
300,56880,2,0,2,0,0,0,4
301,56940,2,0,1,0,0,0,3
302,57120,0,1,0,0,0,0,1
303,57180,0,2,0,1,0,1,4
304,57300,0,3,1,0,0,0,4
305,57360,0,2,0,0,0,0,2
306,57420,0,3,1,0,0,0,4
307,57480,3,1,0,0,0,0,4
308,57600,1,2,0,1,0,0,4
309,57720,2,2,0,0,0,0,4
310,57900,2,1,1,0,0,0,4
311,58020,0,1,1,0,0,0,2
312,58200,0,1,0,0,0,0,1
313,58260,0,1,0,0,0,0,1
314,58320,1,0,0,0,0,0,1
315,58380,1,0,0,0,0,0,1
316,58440,1,2,0,0,0,1,4
317,58500,2,3,0,0,0,0,5
318,58680,1,0,0,0,0,0,1
319,58800,1,0,0,0,0,0,1
320,58860,1,3,0,0,0,0,4
321,58980,3,0,1,0,0,0,4
322,58980,1,0,0,0,0,0,1
323,59040,2,0,2,0,0,0,4
324,59100,0,4,0,0,0,0,4
325,59160,0,0,1,0,0,0,1
326,59220,0,3,0,1,0,0,4
327,59280,0,1,2,0,1,0,4
328,59400,1,0,1,0,0,0,2
329,59460,3,1,0,0,0,0,4
330,59520,2,0,1,0,0,0,3
331,59580,1,0,0,0,0,0,1
332,59640,3,1,0,0,0,0,4
333,59700,0,2,0,1,0,0,3
334,59760,0,1,0,0,0,0,1
335,59820,2,1,1,0,0,0,4
336,59880,1,0,0,0,0,0,1
337,59940,0,1,0,0,0,0,1
338,60000,2,2,1,0,0,0,5
339,60060,3,1,0,0,0,0,4
340,60120,1,3,0,0,0,0,4
341,60180,1,1,0,0,0,0,2
342,60240,3,0,1,0,0,0,4
343,60300,3,0,1,0,0,0,4
344,60480,1,2,1,0,0,0,4
345,60540,2,0,0,0,0,0,2
346,60600,1,0,0,0,0,0,1
347,60660,1,0,0,0,0,0,1
348,60720,2,2,0,0,0,0,4
349,60780,2,0,0,0,0,1,3
350,60900,2,0,0,0,0,0,2
351,61020,1,0,0,0,0,0,1
352,61080,2,2,0,0,0,0,4
353,61140,3,0,1,0,0,0,4